[CameraSet]
Pos=A0503344E6B1BE43B64D8B43
LookAtPos=4E60864411729B431B5F3D44
UpDirection=000000000000803F00000000

[Scene]
evnmap=

[LogicalScene]
X_Start=0
Z_Start=0
X_Width=512
Z_Width=512

[Main]
nActiveCurveStype=0

[ConverMap]
bConvermapAlphaChanelEnable=0

[Water]
SurfaceTexter=data\source\maps_source\texture\Ë®²¨ÎÆ\001_001.anitexture
BumpTexture=data\public\defaultscene\wavesbump.dds
vTextParam=0.001010,0.000100,0.022000,5000.000000
vWaveParam=0.020000,5.000000,0.100000,0.000000
vWaveParam2=0.080000,100.000000,0.000000,0.000000
WaterColor_00=0.121569,0.196078,0.266667,0.800000
WaterColor_01=0.121569,0.196078,0.266667,0.800000
WaterColor_02=0.121569,0.196078,0.266667,0.800000
WaterColor_03=0.121569,0.196078,0.266667,0.800000
WaterColor_04=0.121569,0.196078,0.266667,0.800000
WaterSpecrColor=0.500000,0.500000,0.500000,1.000000
WaterFogColor=0.300000,0.500000,0.610000,1.000000
fFogStart=-5000.000000
fFogEnd=5000.000000

[AlphaMask]
shaderid=50
masktexture=
detailtexuteid=0

[PostRender]
HDRScale=1.000000

[Terrain]
EnableNormapMap=0
EnableVertexBlend=1

[Environment]
VolumeBlendTime=5000

[DynamicWeatherParam]
Dentity=0.000000
Speed=150.000000
Length=1.000000
Width=1.000000
Alpha=0.100000
Wind=0.000000
Enable=0
EnableSnowcover=1
SnowPercent=0.000000
Texture=data\public\stainForDyWeather.dds
EnableSplash=1
EnableWaterDrop=1
EnableWaterDropShockWave=1
SpeedGate=800.000000
DentityGate=10.000000
BrightNessPercent=1.000000

[KG3DEnvironment]
EnvEff0=2040
EnvEff1=2050

[SceneFog]
bFogEnable=0
dwFogColo=255,255,255,255
bDeviceUsesWFog=0
bRangeBasedFog=0
bUsingTableFog=0
nFogMode=D3DFOG_LINEAR
fFogStartValue=1000.000000
fFogEndValue=8000.000000

[LightSet]
SceneAmbient=255,128,128,128
0=Light_0
1=Light_1

[Light_0]
Type=3
D3DLIGHT9_Diffuse=255,127,127,127
D3DLIGHT9_Specular=255,255,255,255
D3DLIGHT9_Ambient=255,0,0,0
D3DLIGHT9_Position=0.000000,400.000000,0.000000
D3DLIGHT9_Direction=-0.577350,-0.577350,-0.577350
D3DLIGHT9_Rang_FallOff_A012_Theta_Phi=1.000000e+003,0.000000e+000,0.000000e+000,1.000000e-003,0.000000e+000,0.000000e+000,0.000000e+000,
Color0=127,127,127,127
Color1=127,127,127,127
Color2=127,127,127,127
Color3=127,127,127,127

[Light_1]
Type=3
D3DLIGHT9_Diffuse=255,127,127,127
D3DLIGHT9_Specular=255,255,255,255
D3DLIGHT9_Ambient=255,0,0,0
D3DLIGHT9_Position=0.000000,400.000000,0.000000
D3DLIGHT9_Direction=-0.577350,-0.577350,-0.577350
D3DLIGHT9_Rang_FallOff_A012_Theta_Phi=1.000000e+003,0.000000e+000,0.000000e+000,1.000000e-003,0.000000e+000,0.000000e+000,0.000000e+000,
Color0=127,127,127,127
Color1=127,127,127,127
Color2=127,127,127,127
Color3=127,127,127,127

